eval_loss = 0.29553690552711487
eval_precision = 0.28583690987124466
eval_recall = 0.4220532319391635
eval_f1 = 0.3408393039918116
eval_runtime = 87.214
eval_samples_per_second = 5.985
eval_steps_per_second = 0.378
epoch = 35.0
